s:0.18,0.99,0.99
c:0.095,38225,-777,2.25406,0.104972,POSITIVE,38
