s:0.142105,0.955,0.955
c:0.0935526,39307,-418,2.27101,0.103208,POSITIVE,72
s:0,0.795,0.795
c:0.0171053,117129,0,4.05112,0.0174029,POSITIVE,13
c:0.0017506,42965,-183,6.34605,0.00175367,POSITIVE,80
