s:0.19635,0.923425,0.923425
c:0.136462,30160,-208,1.84499,0.158027,POSITIVE,1079
s:0.119821,0.56937,0.56937
c:0.0721876,39870,38,2.55356,0.0778041,NEGATIVE,613
c:0.027927,14329,-78,3.54984,0.0287293,POSITIVE,1047
s:0,0.005352,0.005352
c:0.00923483,18414,31,4.6755,0.00932091,NEGATIVE,84
c:0.00283196,14329,-80,5.86395,0.00284,NEGATIVE,1476
