s:0.19635,0.923425,0.923425
c:0.136462,54752,-208,1.84499,0.158027,POSITIVE,1079
s:0,0,0
c:0.0721876,70495,38,2.55356,0.0778041,NEGATIVE,613
c:0.0274142,24048,-33,3.5689,0.0281869,POSITIVE,986
c:0.00241555,24048,-33,6.02341,0.00242139,NEGATIVE,2336
